PDB_00029	2904	957	216	752
PDB_00072	545	118	105	50
PDB_00187	2738	1232	185	1071
PDB_00401	2828	1040	270	986
PDB_00403	500	184	188	177
PDB_00408	1513	585	391	509
PDB_00409	1174	656	113	558
PDB_00436	1513	587	391	515
PDB_00437	1513	584	391	507
PDB_00438	1513	576	391	507
PDB_00440	1513	575	391	500
PDB_00456	1514	515	0	0
PDB_00457	1514	515	0	0
PDB_00458	1514	484	0	0
PDB_00459	1514	627	126	617
PDB_00463	1512	585	362	511
PDB_00464	1532	581	365	483
PDB_00465	1528	599	391	530
PDB_00477	2774	1201	167	1046
PDB_00478	1513	588	391	514
PDB_00488	2876	1027	218	975
PDB_00500	2774	1199	167	1049
PDB_00501	2774	1198	230	1044
PDB_00502	2774	1197	167	1047
PDB_00503	2774	1200	167	1051
PDB_00510	2876	1031	218	981
PDB_00511	2876	1030	218	978
PDB_00514	2876	1030	218	975
PDB_00517	2878	1076	218	984
PDB_00518	2876	1028	218	976
PDB_00534	2882	1120	218	1047
PDB_00554	2876	1025	218	971
PDB_00561	2879	1112	218	989
PDB_00585	1532	491	0	0
PDB_00586	1528	522	0	0
PDB_00587	1517	644	365	563
PDB_00589	1513	630	391	574
PDB_00595	2876	1023	218	974
PDB_00604	2876	1031	218	977
PDB_00605	2791	1339	210	1040
PDB_00606	2766	1328	167	1035
PDB_00607	2770	1337	167	1040
PDB_00608	2791	1337	210	1036
PDB_00609	2884	1338	210	1037
PDB_00615	2884	1355	210	1048
PDB_00616	2884	1350	210	1048
PDB_00628	2765	1315	167	1022
PDB_00643	1688	617	391	613
PDB_00644	2943	1297	235	1118
PDB_00645	1533	609	381	514
PDB_00646	2943	1299	235	1120
PDB_00651	2880	1101	218	989
PDB_00652	2879	1106	218	994
PDB_00653	2879	1108	218	992
PDB_00654	2882	1122	218	1047
PDB_00675	2888	1109	218	1032
PDB_00676	2885	1124	218	1046
PDB_00703	1466	555	181	500
PDB_00704	2916	1032	293	998
PDB_00707	2876	1020	218	977
PDB_00719	2884	1340	210	1052
PDB_00769	1526	606	387	521
PDB_00770	2943	1434	79	1205
PDB_00771	1526	608	387	523
PDB_00772	2943	1431	79	1208
PDB_00773	1526	610	387	521
PDB_00774	2943	1438	79	1203
PDB_00775	1526	608	387	523
PDB_00776	2943	1423	79	1194
PDB_00777	1526	610	387	521
PDB_00778	2943	1431	79	1213
PDB_00779	2882	1098	218	988
PDB_00780	2882	1099	218	985
PDB_00781	2881	1077	218	979
PDB_00782	2882	1098	218	985
PDB_00783	2879	1092	218	980
PDB_00784	2879	1091	218	984
PDB_00785	2879	1096	218	988
PDB_00786	2882	1097	218	990
PDB_00787	2882	1098	218	984
PDB_00788	2882	1112	218	1045
PDB_00789	2879	1098	218	988
PDB_00790	2882	1095	218	988
PDB_00791	1530	654	363	600
PDB_00792	2958	1097	229	981
PDB_00793	1530	646	363	594
PDB_00794	2958	1108	229	992
PDB_00795	3009	1147	259	1031
PDB_00796	3009	1128	277	993
PDB_00797	2876	1015	218	963
PDB_00805	968	279	289	257
PDB_00808	2884	1388	210	1095
PDB_00811	1521	594	371	514
PDB_00812	1522	591	386	537
PDB_00813	1522	586	371	521
PDB_00814	1522	597	360	543
PDB_00833	2884	1347	210	1037
PDB_00844	2876	1100	195	995
PDB_00845	2876	1100	195	997
PDB_00846	2876	1096	195	993
PDB_00847	2876	1094	300	1002
PDB_00848	2876	1091	206	1001
PDB_00849	2876	1095	195	993
PDB_00850	2876	1094	195	991
PDB_00853	2995	1084	238	1047
PDB_00854	1733	560	0	0
PDB_00880	2766	1454	326	1179
PDB_00922	2766	1287	167	989
PDB_00933	1530	654	363	600
PDB_00934	2958	1103	216	992
PDB_00935	1530	642	363	589
PDB_00936	2958	1110	216	1000
PDB_00946	1673	597	0	0
PDB_00947	2937	1161	224	1014
PDB_00952	1673	594	376	584
PDB_00953	2937	1161	224	1014
PDB_00954	1673	597	198	593
PDB_00955	2937	1160	224	1012
PDB_00993	2802	1297	235	1026
PDB_01015	1527	576	361	478
PDB_01039	1511	583	362	528
PDB_01088	1716	854	86	766
PDB_01089	2848	1192	372	1023
PDB_01090	1716	865	74	775
PDB_01091	2848	1340	40	1204
PDB_01101	1667	494	0	0
PDB_01102	3012	1088	255	932
PDB_01103	1793	555	202	523
PDB_01104	3012	1077	255	915
PDB_01105	1694	496	0	0
PDB_01106	3012	1087	255	938
PDB_01107	1505	471	0	0
PDB_01120	1553	656	363	598
PDB_01121	2958	1100	229	1005
PDB_01122	1553	654	130	601
PDB_01123	2958	1106	229	1003
PDB_01139	1687	596	0	0
PDB_01140	2891	1082	362	971
PDB_01141	1687	592	0	0
PDB_01142	2891	1082	362	971
PDB_01143	3032	1125	216	1018
PDB_01166	604	273	66	217
PDB_01173	2766	1314	167	1009
PDB_01174	2766	1368	167	1108
PDB_01175	2766	1329	167	1025
PDB_01182	2766	1296	167	1004
PDB_01183	2766	1311	167	1011
PDB_01184	2765	1298	167	992
PDB_01195	2875	1018	0	0
PDB_01196	2875	1018	0	0
PDB_01198	1660	515	0	0
PDB_01220	1530	649	130	590
PDB_01221	2958	1113	229	1007
PDB_01222	1530	649	363	591
PDB_01223	2958	1115	229	1010
PDB_01224	1530	651	130	590
PDB_01225	2958	1106	229	1000
PDB_01226	1530	653	363	595
PDB_01227	2958	1110	229	1005
PDB_01228	1530	652	130	596
PDB_01229	2958	1120	229	1020
PDB_01230	1530	657	363	597
PDB_01231	2958	1125	229	1019
PDB_01232	1530	642	363	588
PDB_01233	2958	1100	229	994
PDB_01234	1530	644	363	590
PDB_01235	2958	1108	229	1003
PDB_01240	1685	715	181	567
PDB_01241	1530	647	363	588
PDB_01242	2958	1105	229	1013
PDB_01243	1530	643	363	587
PDB_01244	2958	1098	229	1005
PDB_01245	1530	643	130	588
PDB_01246	2958	1114	229	1016
PDB_01247	1530	642	130	588
PDB_01248	2958	1111	229	1017
PDB_01261	968	261	238	243
PDB_01266	1530	490	0	0
PDB_01267	1530	493	360	486
PDB_01268	1528	498	0	0
PDB_01269	1529	579	360	495
PDB_01271	1524	582	367	524
PDB_01272	1525	583	391	513
PDB_01273	1496	625	139	522
PDB_01276	1609	640	0	0
PDB_01277	2886	1128	362	1007
PDB_01278	1609	638	0	0
PDB_01279	2886	1129	362	1001
PDB_01282	1530	646	130	586
PDB_01283	2958	1114	229	1001
PDB_01284	1530	646	130	588
PDB_01285	2958	1118	229	1009