Loading precomputed windows...
Finished loading precomputed windows!
Generation #0
36.1967
65 110 186 187 225 306 382 
Generation #1
36.4907
75 104 243 307 383 
Generation #2
36.4907
75 104 243 307 383 
Generation #3
36.5562
52 61 108 196 200 242 304 375 
Generation #4
36.5562
52 61 108 196 200 242 304 375 
Generation #5
36.5562
52 61 108 196 200 242 304 375 
Generation #6
36.587
17 106 213 227 300 374 381 
Generation #7
36.6695
15 25 26 71 82 104 221 300 375 381 
Generation #8
36.7111
32 47 71 120 136 224 242 295 375 379 
Generation #9
36.7739
83 109 203 246 296 304 375 381 
Generation #10
36.8536
52 61 108 193 228 242 304 375 379 
Generation #11
36.856
47 87 93 108 200 236 306 375 383 
Generation #12
36.8875
48 63 71 105 217 223 227 238 300 374 383 
Generation #13
36.9427
85 106 107 210 237 306 371 374 375 379 
Generation #14
36.9478
24 30 47 83 102 212 236 242 299 374 379 
Generation #15
37.0262
48 85 106 107 210 237 306 371 374 375 379 
Generation #16
37.0262
48 85 106 107 210 237 306 371 374 375 379 
Generation #17
37.0262
48 85 106 107 210 237 306 371 374 375 379 
Generation #18
37.0262
48 85 106 107 210 237 306 371 374 375 379 
Generation #19
37.0454
48 77 103 106 188 225 244 301 371 375 379 
Generation #20
37.0454
48 77 103 106 188 225 244 301 371 375 379 
Generation #21
37.0454
48 77 103 106 188 225 244 301 371 375 379 
Generation #22
37.0454
48 77 103 106 188 225 244 301 371 375 379 
Generation #23
37.0542
48 77 103 106 188 221 244 301 372 375 379 
Generation #24
37.0542
48 77 103 106 188 221 244 301 372 375 379 
Generation #25
37.0542
48 77 103 106 188 221 244 301 372 375 379 
Generation #26
37.0572
48 50 85 93 106 188 244 301 372 375 379 
Generation #27
37.0572
48 50 85 93 106 188 244 301 372 375 379 
Generation #28
37.0572
48 50 85 93 106 188 244 301 372 375 379 
Generation #29
37.0605
44 48 77 103 106 188 241 301 372 375 379 
Generation #30
37.0605
44 48 77 103 106 188 241 301 372 375 379 
Generation #31
37.072
48 63 72 107 200 202 237 301 372 375 379 
Generation #32
37.072
48 63 72 107 200 202 237 301 372 375 379 
Generation #33
37.076
46 48 77 106 188 221 241 301 372 375 379 
Generation #34
37.076
46 48 77 106 188 221 241 301 372 375 379 
Generation #35
37.076
46 48 77 106 188 221 241 301 372 375 379 
Generation #36
37.076
46 48 77 106 188 221 241 301 372 375 379 
Generation #37
37.076
46 48 77 106 188 221 241 301 372 375 379 
Generation #38
37.0804
46 47 85 106 188 245 301 371 375 379 
Generation #39
37.0804
46 47 85 106 188 245 301 371 375 379 
Generation #40
37.0804
46 47 85 106 188 245 301 371 375 379 
Generation #41
37.0804
46 47 85 106 188 245 301 371 375 379 
Generation #42
37.0804
46 47 85 106 188 245 301 371 375 379 
Generation #43
37.0804
46 47 85 106 109 188 245 301 371 375 379 
Generation #44
37.0804
46 47 85 106 109 188 245 301 371 375 379 
Generation #45
37.0804
46 47 85 106 109 188 245 301 371 375 379 
Generation #46
37.0868
46 48 85 108 109 239 300 371 375 378 379 
Generation #47
37.0935
46 47 85 106 109 183 239 301 371 375 379 
Generation #48
37.0935
46 47 85 106 109 183 239 301 371 375 379 
Generation #49
37.0935
46 47 85 106 109 183 239 301 371 375 379 
Generation #50
37.0935
46 47 85 106 109 183 239 301 371 375 379 
Generation #51
37.0956
46 48 85 107 220 239 300 371 372 375 379 
Generation #52
37.0956
46 48 85 107 220 239 300 371 372 375 379 
Generation #53
37.0956
46 48 85 107 220 239 300 371 372 375 379 
Generation #54
37.0956
46 48 85 107 220 239 300 371 372 375 379 
Generation #55
37.0956
46 48 85 107 220 239 300 371 372 375 379 
Generation #56
37.0956
46 48 85 107 220 239 300 371 372 375 379 
Generation #57
37.1015
46 48 85 107 220 239 241 302 372 375 379 
Generation #58
37.1015
46 48 85 107 220 239 241 302 372 375 379 
Generation #59
37.1015
46 48 85 107 220 239 241 302 372 375 379 
Generation #60
37.1015
46 48 85 107 220 239 241 302 372 375 379 
Generation #61
37.1015
46 48 85 107 220 239 241 302 372 375 379 
Generation #62
37.1015
46 48 85 107 220 239 241 302 372 375 379 
Generation #63
37.1015
46 48 85 107 220 239 241 302 372 375 379 
Generation #64
37.1015
46 48 85 107 220 239 241 302 372 375 379 
Generation #65
37.1015
46 48 85 107 220 239 241 302 372 375 379 
Generation #66
37.1023
46 48 85 107 220 239 302 372 375 379 
Generation #67
37.1023
46 48 85 107 220 239 302 372 375 379 
Generation #68
37.1023
46 48 85 107 220 239 302 372 375 379 
Generation #69
37.1023
46 48 85 107 220 239 302 372 375 379 
Generation #70
37.1023
46 48 85 107 220 239 302 372 375 379 
Generation #71
37.1023
46 48 85 107 220 239 302 372 375 376 379 
Generation #72
37.1023
46 48 85 107 220 239 302 372 375 376 379 
Generation #73
37.1023
46 48 85 107 220 239 302 372 375 376 379 
Generation #74
37.1023
46 48 85 107 220 239 302 372 375 376 379 
Generation #75
37.1023
46 48 85 109 220 239 302 372 375 376 379 
Generation #76
37.1023
46 48 85 107 213 239 302 372 375 376 379 
Generation #77
37.1023
46 48 85 107 213 239 302 372 375 376 379 
Generation #78
37.1023
46 48 85 107 213 239 302 372 375 376 379 
Generation #79
37.1023
46 48 85 107 213 239 302 372 375 376 379 
Generation #80
37.1023
46 48 85 106 231 239 302 372 375 376 379 
Generation #81
37.1023
46 48 85 106 231 239 302 372 375 376 379 
Generation #82
37.1023
46 48 85 106 231 239 302 372 375 376 379 
Generation #83
37.1023
46 48 85 106 231 239 302 372 375 376 379 
Generation #84
37.1023
46 47 85 106 233 239 302 372 375 376 379 
Generation #85
37.1023
46 48 85 106 231 239 302 372 375 376 379 
Generation #86
37.1023
46 48 85 106 231 239 302 372 375 376 379 
Generation #87
37.1023
46 48 85 106 231 239 302 372 375 376 379 
Generation #88
37.1023
46 48 85 106 231 239 302 372 375 376 379 
Generation #89
37.1023
46 47 50 85 109 239 295 301 372 374 379 
Generation #90
37.1023
46 47 50 85 109 239 295 301 372 374 379 
Generation #91
37.1023
46 47 50 85 109 239 295 301 372 374 379 
Generation #92
37.1023
46 47 50 85 109 239 295 301 372 374 379 
Generation #93
37.1023
46 48 85 109 220 225 239 302 372 375 379 
Generation #94
37.1023
46 48 85 109 220 225 239 302 372 375 379 
Generation #95
37.1023
15 46 48 85 109 239 301 302 372 375 379 
Generation #96
37.1023
15 46 48 85 109 239 298 301 372 375 379 
Generation #97
37.1023
15 46 48 85 109 239 298 301 372 375 379 
Generation #98
37.1023
15 46 48 85 106 239 301 302 372 375 379 
Generation #99
37.1023
15 46 48 85 106 239 301 302 372 375 379 
Generation #100
37.1023
46 48 85 105 107 239 301 302 372 374 379 
Generation #101
37.1023
15 46 48 85 106 239 301 302 372 375 379 
Generation #102
37.1023
46 48 85 105 107 239 301 302 372 375 379 
Generation #103
37.1023
46 48 85 105 107 239 301 302 372 375 379 
Generation #104
37.1023
46 48 85 105 107 239 301 302 372 375 379 
Generation #105
37.1023
46 48 85 109 236 239 301 302 372 375 379 
Generation #106
37.1023
46 48 85 109 236 239 301 302 372 375 379 
Generation #107
37.1023
46 48 85 109 236 239 301 302 372 375 379 
Generation #108
37.1023
46 48 85 109 236 239 301 302 372 375 379 
Generation #109
37.1023
45 48 85 108 109 232 239 301 372 375 379 
Generation #110
37.1023
45 48 85 108 109 232 239 302 372 375 379 
Generation #111
37.1023
45 48 85 107 229 239 301 302 372 375 379 
Generation #112
37.1023
46 48 85 109 236 239 301 302 372 375 379 
Generation #113
37.1023
46 48 85 109 236 239 301 302 372 375 379 
Generation #114
37.1023
46 48 85 108 226 239 301 302 372 375 379 
Generation #115
37.1023
46 48 85 108 226 239 301 302 372 375 379 
Generation #116
37.113
46 48 85 109 225 239 302 372 375 379 494 
Generation #117
37.113
46 48 85 109 225 239 302 372 375 379 494 
Generation #118
37.113
46 48 85 109 225 239 302 372 375 379 494 
Generation #119
37.113
46 48 85 109 225 239 302 372 375 379 494 
Generation #120
37.113
46 48 85 109 225 239 302 372 375 379 494 
Generation #121
37.113
46 48 85 109 225 239 302 372 375 379 494 
Generation #122
37.113
46 48 85 109 225 239 302 372 375 379 494 
Generation #123
37.113
46 48 85 109 225 239 302 372 375 379 494 
Generation #124
37.113
46 48 85 109 225 239 302 372 375 379 494 
Generation #125
37.113
46 48 85 109 225 239 302 372 375 379 494 
Generation #126
37.113
46 48 85 109 225 239 302 372 375 379 494 
Generation #127
37.113
46 48 85 109 225 239 302 372 375 379 494 
Generation #128
37.113
46 48 85 109 225 239 302 372 375 379 494 
Generation #129
37.113
46 48 85 109 225 239 302 372 375 379 494 
Generation #130
37.113
46 48 85 109 225 239 302 372 375 379 494 
Generation #131
37.113
46 48 85 109 225 239 302 372 375 379 494 
Generation #132
37.113
46 48 85 109 225 239 302 372 375 379 494 
Generation #133
37.113
46 48 85 109 225 239 302 372 375 379 494 
Generation #134
37.113
46 48 85 109 225 239 302 372 375 379 494 
Generation #135
37.113
46 48 85 109 225 239 302 372 375 379 494 
Generation #136
37.113
46 48 85 109 225 239 302 372 375 379 494 
Generation #137
37.113
46 48 85 109 225 239 302 372 375 379 494 
Generation #138
37.113
46 48 85 109 225 239 302 372 375 379 494 
Generation #139
37.113
46 48 85 109 225 239 302 372 375 379 494 
Generation #140
37.113
46 48 85 109 225 239 302 372 375 379 494 
Generation #141
37.113
46 48 85 109 225 239 302 372 375 379 494 
Generation #142
37.113
46 48 85 109 225 239 302 372 375 379 494 
Generation #143
37.113
46 48 85 109 225 239 302 372 375 379 494 
Generation #144
37.113
46 48 85 109 225 239 302 372 375 379 494 
Generation #145
37.113
46 48 85 109 225 239 302 372 375 379 494 
Generation #146
37.113
46 48 85 109 225 239 302 372 375 379 494 
Generation #147
37.113
46 48 85 109 225 239 302 372 375 379 494 
Generation #148
37.113
46 48 85 109 225 239 302 372 375 379 494 
Generation #149
37.113
46 48 85 109 225 239 302 372 375 379 494 
Generation #150
37.113
46 48 85 109 225 239 302 372 375 379 494 
Generation #151
37.113
46 48 85 109 235 239 302 372 375 379 495 
Generation #152
37.113
46 48 85 109 235 239 302 372 375 379 495 
Generation #153
37.113
46 48 85 109 235 239 302 372 375 379 495 
Generation #154
37.113
46 48 85 109 235 239 302 372 375 379 495 
Generation #155
37.113
46 48 85 109 235 239 302 372 375 379 495 
Generation #156
37.113
46 48 85 109 235 239 302 372 375 379 495 
Generation #157
37.113
46 48 85 109 235 239 302 372 375 379 495 
Generation #158
37.113
46 48 84 109 231 239 302 372 375 379 494 
Generation #159
37.113
46 48 84 109 231 239 302 372 375 379 494 
Generation #160
37.113
46 48 84 109 231 239 302 372 375 379 494 
Generation #161
37.113
46 48 84 109 231 239 302 372 375 379 494 
Generation #162
37.113
46 48 84 109 231 239 302 372 375 379 494 
Generation #163
37.113
46 48 84 109 231 239 302 372 375 379 494 
Generation #164
37.113
46 48 84 109 231 239 302 372 375 379 494 
Generation #165
37.113
46 48 84 109 231 239 302 372 375 379 494 
Generation #166
37.113
46 48 84 109 231 239 302 372 375 379 494 
Generation #167
37.113
46 48 85 108 231 239 302 372 375 379 494 
Generation #168
37.113
46 48 85 108 233 239 302 372 375 379 494 
Generation #169
37.113
46 48 85 108 233 239 302 372 375 379 494 
Generation #170
37.113
46 48 85 108 233 239 302 372 375 379 494 
Generation #171
37.113
46 48 85 108 184 239 302 372 375 379 494 
Generation #172
37.113
46 48 85 109 224 239 302 372 375 379 494 
Generation #173
37.113
46 48 83 106 109 239 302 372 375 379 494 
Generation #174
37.113
46 48 85 108 184 239 302 372 375 379 494 
Generation #175
37.113
46 48 85 108 201 239 302 372 375 379 494 
Generation #176
37.113
46 48 85 108 201 239 302 372 375 379 494 
Generation #177
37.113
46 48 85 108 201 239 302 372 375 379 494 
Generation #178
37.113
46 48 85 108 201 239 302 372 375 379 494 
Generation #179
37.113
46 48 85 108 201 239 302 372 375 379 494 
Generation #180
37.113
46 48 84 109 238 239 302 372 375 379 494 
Generation #181
37.113
46 48 84 109 238 239 302 372 375 379 494 
Generation #182
37.113
46 48 84 109 238 239 302 372 375 379 494 
Generation #183
37.113
46 48 84 109 238 239 302 372 375 379 494 
Generation #184
37.113
46 48 84 109 231 239 302 372 375 379 494 
Generation #185
37.113
46 48 84 106 108 239 302 372 375 379 494 
Generation #186
37.113
46 48 84 109 231 239 302 372 375 379 494 
Generation #187
37.113
46 48 84 109 231 239 302 372 375 379 494 
Generation #188
37.113
46 48 84 109 231 239 302 372 375 379 494 
Generation #189
37.113
46 48 84 109 231 239 302 372 375 379 494 
Generation #190
37.113
46 48 85 109 232 239 302 372 375 379 494 
Generation #191
37.113
46 48 85 109 232 239 302 372 375 379 494 
Generation #192
37.113
46 48 85 109 232 239 302 372 375 379 494 
Generation #193
37.113
46 48 85 109 232 239 302 372 375 379 494 
Generation #194
37.113
46 48 85 109 230 239 302 372 375 379 494 
Generation #195
37.113
46 48 85 109 230 239 302 372 375 379 494 
Generation #196
37.113
46 48 85 109 239 301 302 372 375 379 494 
Generation #197
37.113
46 48 85 109 239 301 302 372 375 379 494 
Generation #198
37.113
46 48 85 109 236 239 302 372 375 379 495 
Generation #199
37.113
46 48 85 109 236 239 302 372 375 379 495 
Generation #200
37.113
46 48 85 109 236 239 302 372 375 379 495 
Generation #201
37.113
46 48 85 109 236 239 302 372 375 379 495 
Generation #202
37.113
46 48 85 109 236 239 302 372 375 379 495 
Generation #203
37.113
46 48 85 109 236 239 302 372 375 379 495 
Generation #204
37.113
46 48 85 109 236 239 302 372 375 379 495 
Generation #205
37.113
46 48 85 108 239 302 372 375 379 495 500 
Generation #206
37.113
46 48 85 108 239 302 372 375 379 495 500 
Generation #207
37.113
46 48 85 108 239 302 372 375 379 495 500 
Generation #208
37.113
46 48 85 108 239 302 372 375 379 494 500 
Generation #209
37.113
46 48 85 108 239 302 372 375 379 494 500 
Generation #210
37.113
46 48 85 108 239 302 372 375 379 494 500 
Generation #211
37.113
46 48 85 109 235 239 302 372 375 379 494 
Generation #212
37.113
46 48 85 109 235 239 302 372 375 379 494 
Generation #213
37.113
46 48 85 109 239 301 302 372 375 379 494 
Generation #214
37.113
46 48 85 109 239 301 302 372 375 379 494 
Generation #215
37.113
46 47 48 85 108 239 302 372 375 379 494 
Generation #216
37.113
46 48 85 109 238 239 302 372 375 379 494 
Generation #217
37.113
46 47 85 109 218 239 302 372 375 379 494 
Generation #218
37.113
46 48 85 108 221 239 302 372 375 379 494 
Generation #219
37.113
46 48 85 109 239 297 302 372 375 379 495 
Generation #220
37.113
46 48 85 109 238 239 302 372 375 379 494 
Generation #221
37.113
46 48 85 109 218 239 302 372 375 379 494 
Generation #222
37.113
42 46 48 85 109 239 302 372 375 379 495 
Generation #223
37.113
46 48 85 109 235 239 302 372 375 379 495 
Generation #224
37.113
46 48 85 106 109 239 302 372 375 379 495 
Generation #225
37.113
46 48 85 106 109 239 302 372 375 379 495 
Generation #226
37.113
46 48 85 106 109 239 302 372 375 379 495 
Generation #227
37.113
46 48 85 109 227 239 302 372 375 379 495 
Generation #228
37.113
46 48 85 109 232 239 302 372 375 379 494 
Generation #229
37.113
46 48 85 109 232 239 302 372 375 379 494 
Generation #230
37.113
46 48 85 109 232 239 302 372 375 379 494 
Generation #231
37.113
46 48 85 109 232 239 302 372 375 379 494 
Generation #232
37.113
46 48 85 109 232 239 302 372 375 379 494 
Generation #233
37.113
46 48 85 109 232 239 302 372 375 379 494 
Generation #234
37.113
46 48 85 109 232 239 302 372 375 379 494 
Generation #235
37.113
46 48 85 109 232 239 302 372 375 379 494 
Generation #236
37.113
46 48 85 109 232 239 302 372 375 379 494 
Generation #237
37.113
46 48 85 109 225 239 302 372 375 379 494 
Generation #238
37.113
46 48 85 109 225 239 302 372 375 379 494 
Generation #239
37.113
46 48 85 109 225 239 302 372 375 379 494 
Generation #240
37.113
46 48 85 109 225 239 302 372 375 379 494 
Generation #241
37.113
46 48 85 109 225 239 302 372 375 379 494 
Generation #242
37.113
46 48 85 109 225 239 302 372 375 379 494 
Generation #243
37.113
46 48 85 109 225 239 302 372 375 379 494 
Generation #244
37.113
46 48 85 109 225 239 302 372 375 379 494 
Generation #245
37.113
46 47 85 109 223 239 302 372 375 379 494 
Generation #246
37.113
46 47 85 109 223 239 302 372 375 379 494 
Generation #247
37.113
46 47 85 109 223 239 302 372 375 379 494 
Generation #248
37.113
46 47 85 109 223 239 302 372 375 379 494 
Generation #249
37.113
46 48 85 109 225 239 302 372 375 379 494 
Generation #250
37.113
46 48 85 109 225 239 302 372 375 379 494 
Generation #251
37.113
46 48 85 109 225 239 302 372 375 379 494 
Generation #252
37.113
46 48 85 109 225 239 302 372 375 379 494 
Generation #253
37.113
46 48 85 109 225 239 302 372 375 379 494 
Generation #254
37.113
46 48 85 109 225 239 302 372 375 379 494 
Generation #255
37.113
46 48 85 109 225 239 302 372 375 379 494 
