Loading precomputed windows...
Finished loading precomputed windows!
Generation #0
36.2163
68 106 123 127 130 173 208 244 304 379 
Generation #1
36.3251
68 106 123 128 177 208 244 304 379 
Generation #2
36.4006
62 65 105 393 452 
Generation #3
36.4006
62 65 105 393 452 
Generation #4
36.5049
48 73 107 236 303 446 500 
Generation #5
36.5446
70 103 241 242 305 382 
Generation #6
36.5446
70 103 241 242 305 382 
Generation #7
36.5858
47 112 148 156 181 236 303 374 381 
Generation #8
36.7824
86 97 106 199 225 236 303 374 381 
Generation #9
36.7824
86 97 106 199 225 236 303 374 381 
Generation #10
36.7824
16 86 97 106 199 225 236 303 374 381 
Generation #11
36.7824
16 86 97 106 199 225 236 303 374 381 
Generation #12
36.8091
15 71 105 106 220 240 305 307 371 375 381 
Generation #13
36.8464
29 86 97 106 225 236 303 371 374 380 
Generation #14
36.8707
81 109 196 246 305 308 374 379 
Generation #15
36.9386
47 83 103 210 225 236 303 374 379 
Generation #16
36.9386
47 83 103 210 225 236 303 374 379 
Generation #17
37.0118
46 48 78 82 106 209 240 299 374 379 
Generation #18
37.0118
46 48 78 82 106 209 240 299 374 379 
Generation #19
37.0118
46 48 78 82 106 209 240 299 374 379 
Generation #20
37.0118
42 46 48 78 82 106 209 240 299 374 379 
Generation #21
37.0221
48 77 93 94 105 220 240 305 371 375 379 
Generation #22
37.029
47 68 104 106 199 220 240 305 371 375 379 
Generation #23
37.029
47 68 104 106 199 220 240 305 371 375 379 
Generation #24
37.0309
48 59 104 106 220 240 305 371 374 379 
Generation #25
37.0382
25 47 82 109 232 245 305 371 374 378 379 
Generation #26
37.0647
48 68 106 202 239 300 372 374 379 
Generation #27
37.0647
48 68 106 202 239 300 372 374 379 
Generation #28
37.0702
46 48 85 106 201 235 302 372 374 379 
Generation #29
37.0702
46 48 85 106 201 235 302 372 374 379 
Generation #30
37.0702
46 48 85 106 201 235 302 372 374 379 
Generation #31
37.0702
46 48 85 106 201 235 302 372 374 379 
Generation #32
37.0702
46 48 85 106 201 235 302 372 374 379 
Generation #33
37.072
48 65 107 189 201 237 302 372 374 379 
Generation #34
37.0732
46 47 63 109 217 239 301 372 374 379 
Generation #35
37.0732
46 47 63 82 109 217 239 301 372 374 379 
Generation #36
37.0732
46 47 63 82 109 217 239 301 372 374 379 
Generation #37
37.0732
46 47 63 82 109 217 239 301 372 374 379 
Generation #38
37.0779
46 47 63 82 109 217 240 301 372 374 379 
Generation #39
37.0779
46 47 63 82 109 217 240 301 372 374 379 
Generation #40
37.0779
46 47 63 82 109 217 240 301 372 374 379 
Generation #41
37.0896
46 47 83 109 217 240 301 372 374 379 
Generation #42
37.0896
46 47 83 109 217 240 301 372 374 379 
Generation #43
37.0896
46 47 83 109 217 240 301 372 374 379 
Generation #44
37.0896
46 47 83 109 217 240 301 372 374 379 
Generation #45
37.0896
46 47 83 109 217 240 301 372 374 379 
Generation #46
37.0896
46 47 83 109 217 240 301 302 372 374 379 
Generation #47
37.0896
46 47 83 109 217 240 301 302 372 374 379 
Generation #48
37.0896
46 47 83 109 217 240 301 302 372 374 379 
Generation #49
37.0896
46 47 83 109 217 240 301 302 372 374 379 
Generation #50
37.0896
46 47 83 109 217 240 301 302 372 374 379 
Generation #51
37.0896
46 47 83 109 217 240 301 302 372 374 379 
Generation #52
37.0896
46 47 83 109 217 240 301 302 372 374 379 
Generation #53
37.0896
46 47 83 108 223 240 301 302 372 374 379 
Generation #54
37.0896
46 47 83 108 223 240 301 302 372 374 379 
Generation #55
37.0896
46 47 83 108 223 240 301 302 372 374 379 
Generation #56
37.0896
46 47 83 108 223 240 301 302 372 374 379 
Generation #57
37.0896
46 47 83 108 223 240 301 302 372 374 379 
Generation #58
37.0896
46 47 83 108 223 240 301 302 372 374 379 
Generation #59
37.1023
46 47 48 83 107 232 239 302 372 374 379 
Generation #60
37.1023
46 47 48 83 107 232 239 302 372 374 379 
Generation #61
37.1023
46 47 48 83 107 232 239 302 372 374 379 
Generation #62
37.1023
46 47 48 83 107 232 239 302 372 374 379 
Generation #63
37.1023
46 48 49 83 107 232 239 302 372 374 379 
Generation #64
37.1023
46 47 48 83 107 232 239 302 372 374 379 
Generation #65
37.1023
46 47 48 83 107 232 239 302 372 374 379 
Generation #66
37.1023
46 47 48 83 107 232 239 302 372 374 379 
Generation #67
37.1023
46 47 48 83 107 232 239 302 372 374 379 
Generation #68
37.1023
46 47 48 83 107 232 239 302 372 374 379 
Generation #69
37.1023
46 47 48 83 107 232 239 302 372 374 379 
Generation #70
37.1023
46 47 48 83 107 232 239 302 372 375 379 
Generation #71
37.1023
46 47 48 83 107 232 239 302 372 375 379 
Generation #72
37.1023
46 47 48 83 107 232 239 302 372 375 379 
Generation #73
37.1023
46 47 48 83 107 232 239 302 372 375 379 
Generation #74
37.1023
46 47 48 83 107 232 239 302 372 375 379 
Generation #75
37.1023
46 47 48 83 107 232 239 302 372 375 379 
Generation #76
37.1023
46 47 48 83 107 232 239 302 372 375 379 
Generation #77
37.1023
46 47 48 83 107 232 239 302 372 375 379 
Generation #78
37.1023
46 47 48 83 107 232 239 302 372 374 379 
Generation #79
37.1023
46 47 48 83 107 232 239 302 372 374 379 
Generation #80
37.1023
45 47 84 108 109 239 298 302 372 374 379 
Generation #81
37.1023
45 47 84 108 109 239 298 302 372 374 379 
Generation #82
37.1023
45 47 84 108 109 239 298 302 372 374 379 
Generation #83
37.1023
45 47 84 108 223 239 296 302 372 374 379 
Generation #84
37.1023
45 47 84 108 223 239 296 302 372 374 379 
Generation #85
37.1023
45 47 84 108 223 239 296 302 372 374 379 
Generation #86
37.1023
45 47 84 108 223 239 296 302 372 374 379 
Generation #87
37.1023
45 47 84 108 223 239 302 372 374 375 379 
Generation #88
37.1023
45 47 84 108 223 239 302 372 374 375 379 
Generation #89
37.1023
45 48 84 106 238 239 302 372 374 375 379 
Generation #90
37.1023
24 45 47 84 108 239 296 302 372 375 379 
Generation #91
37.1023
24 45 47 84 108 239 296 302 372 375 379 
Generation #92
37.1023
24 45 47 84 108 239 296 302 372 375 379 
Generation #93
37.1023
24 45 47 84 108 239 296 302 372 375 379 
Generation #94
37.1023
24 45 47 84 108 239 296 302 372 375 379 
Generation #95
37.1023
46 48 84 108 109 224 239 302 372 375 379 
Generation #96
37.1023
46 48 84 108 109 224 239 302 372 375 379 
Generation #97
37.1023
46 48 84 108 109 224 239 302 372 375 379 
Generation #98
37.1023
46 48 84 108 109 224 239 302 372 375 379 
Generation #99
37.1023
46 48 84 108 109 224 239 302 372 374 379 
Generation #100
37.1023
46 48 84 108 109 224 239 302 372 374 379 
Generation #101
37.1023
24 45 47 84 109 224 239 302 372 375 379 
Generation #102
37.1023
24 45 47 84 109 224 239 302 372 375 379 
Generation #103
37.1023
46 48 84 108 109 235 239 302 372 374 379 
Generation #104
37.1023
46 48 84 108 109 235 239 302 372 374 379 
Generation #105
37.1023
46 48 84 108 109 235 239 302 372 374 379 
Generation #106
37.1023
46 48 84 108 109 235 239 301 372 374 379 
Generation #107
37.1023
46 48 84 108 109 235 239 301 372 374 379 
Generation #108
37.1023
45 47 85 109 237 239 302 372 374 375 379 
Generation #109
37.1023
45 47 85 109 237 239 302 372 374 375 379 
Generation #110
37.1023
45 47 85 109 237 239 302 372 374 375 379 
Generation #111
37.1023
45 48 83 84 109 238 239 302 372 375 379 
Generation #112
37.1023
45 48 83 84 109 238 239 302 372 375 379 
Generation #113
37.1023
45 47 85 109 237 239 302 372 374 375 379 
Generation #114
37.1023
45 47 85 109 237 239 302 372 374 375 379 
Generation #115
37.1023
45 47 85 109 237 239 302 372 374 375 379 
Generation #116
37.1023
45 47 85 109 237 239 302 372 374 375 379 
Generation #117
37.1023
45 47 85 109 237 238 239 302 372 375 379 
