3.90664
124 136 307 365 
4.15384
22 125 326 384 388 
4.15384
125 326 384 388 
4.15384
125 326 384 388 
4.15384
125 326 384 388 
4.15384
107 125 326 384 388 
4.15384
107 125 326 388 495 
4.15384
22 125 326 384 388 
4.15384
12 125 326 384 388 
4.15384
12 125 326 384 388 
4.15384
44 107 125 326 388 
4.15384
22 107 125 326 388 
4.15384
22 107 125 320 326 353 387 
4.15384
22 24 125 326 355 388 495 
4.15384
44 104 125 326 355 388 495 
4.15384
44 104 125 326 355 388 485 
4.15384
44 104 125 326 355 388 495 
4.15384
23 24 107 125 326 355 388 
4.15384
125 326 385 388 493 
4.15384
125 326 385 388 493 
4.15384
125 326 385 388 493 
4.15384
125 326 385 388 493 
4.15384
125 126 326 377 388 493 
4.15384
44 89 95 125 328 388 
4.15384
125 126 331 389 
4.15384
125 126 331 389 
4.15384
125 126 331 389 
4.15384
125 126 328 389 
4.15384
125 126 331 389 
4.15384
125 126 331 389 
4.15384
125 126 331 389 493 
4.15384
125 333 389 
4.15384
125 333 389 498 
4.15384
47 89 125 126 331 389 
4.15384
47 89 125 126 331 389 
4.15384
10 125 126 333 389 
4.15384
122 126 309 330 389 390 
4.15384
122 126 309 330 389 
4.15384
125 126 312 331 333 389 390 
4.15384
125 126 312 331 333 387 389 
4.15384
116 125 312 333 334 388 
4.15384
125 126 312 331 333 389 390 
4.15384
125 126 312 327 331 385 390 
4.15384
125 126 312 327 331 385 390 
4.15384
125 126 311 327 331 385 390 
4.15384
125 126 311 327 331 385 390 
4.15384
125 126 317 327 331 385 390 
4.15384
10 126 312 331 354 381 388 
4.15384
125 312 334 335 380 390 
4.15384
125 126 312 335 385 390 
4.15384
125 126 327 331 389 
4.15384
125 312 313 328 335 385 390 
4.15384
125 126 312 360 385 390 
4.15384
125 126 312 360 385 390 
4.15384
80 125 331 339 385 389 390 
4.15384
10 125 312 320 333 389 
4.15384
10 125 312 320 333 389 
4.15384
10 125 126 312 360 385 
4.15384
10 125 126 312 360 385 389 
4.15384
80 125 331 339 389 
4.15384
90 123 125 312 320 330 389 
4.15384
90 123 125 312 320 330 389 
4.15384
10 78 125 318 322 385 
4.15384
10 78 125 318 322 385 
4.15384
10 78 125 310 323 330 389 
4.15384
10 125 321 385 389 
4.15384
10 125 321 385 389 
4.15384
38 125 318 326 338 389 
4.15384
114 115 125 321 385 389 
4.15384
90 114 125 318 323 330 389 
4.15384
47 123 125 310 325 389 
4.15384
38 112 114 115 125 321 385 
4.15384
38 112 115 125 316 388 
4.15384
38 112 115 125 312 322 384 
4.15384
56 125 312 333 384 
4.15384
56 125 312 333 384 
4.15384
56 125 312 333 384 
4.15384
35 112 115 125 312 313 384 
4.15384
35 115 125 312 313 384 
4.15384
35 115 125 312 313 384 
4.15384
56 106 126 316 317 333 384 
4.15384
56 106 126 317 333 384 
4.15384
56 106 126 317 333 367 384 
4.15384
61 114 115 125 317 333 384 
4.15384
61 114 115 125 312 313 384 
4.15384
61 106 126 320 333 384 
4.15384
56 105 126 317 325 384 
4.15384
46 62 110 126 317 333 384 
4.15384
68 112 126 325 384 
4.15384
68 112 125 321 336 375 384 
