4.17452
52 61 231 310 321 438 478 
4.27478
31 95 310 390 472 
4.30485
111 338 341 390 472 
4.30485
111 338 390 472 
4.30485
111 338 390 472 
4.30485
111 338 470 472 
4.31454
111 394 472 
4.31454
111 394 472 
4.31529
111 195 394 472 497 
4.31529
111 195 394 472 
4.31529
111 195 394 472 
4.31529
111 195 397 476 
4.31529
98 111 195 393 394 472 
4.31529
111 202 406 476 
4.34391
93 111 187 396 472 
4.36464
43 98 111 195 397 441 467 
4.36464
43 98 111 195 397 441 467 
4.37624
52 108 111 193 337 404 478 
4.37624
52 108 111 193 337 404 478 
4.37624
52 108 111 189 337 404 478 
4.37624
52 108 111 189 337 404 478 
4.37624
52 108 113 187 337 397 478 
4.37624
52 108 111 189 337 404 476 
4.37624
52 111 199 230 334 404 467 
4.37624
52 111 199 230 334 404 467 
4.37624
52 108 111 193 336 354 472 
4.37624
53 108 111 193 336 402 469 
4.37624
53 108 111 193 336 402 469 
4.37624
52 103 111 112 332 469 
4.37624
52 97 112 332 469 
4.37624
52 97 112 332 441 469 
4.37624
52 102 111 305 332 467 469 
4.37624
52 97 112 327 425 469 
4.37624
52 97 112 327 332 441 463 
4.37624
52 97 112 327 332 441 463 
4.37624
52 97 112 327 332 441 463 
4.37624
52 100 106 111 334 425 475 
4.37624
52 97 111 226 327 425 469 
4.37624
52 97 111 226 327 425 469 
4.37624
52 97 111 226 327 424 469 
4.37624
52 111 226 336 435 455 
4.37624
52 111 226 336 435 461 
4.37624
52 97 111 339 429 455 
4.37624
52 97 111 339 429 455 
4.37624
52 97 111 339 469 
4.37624
52 97 111 339 468 
4.37624
52 97 111 339 468 469 
4.37624
52 97 111 226 331 452 465 
4.37624
52 97 111 226 331 452 465 
4.37624
52 97 111 226 331 452 465 
4.37624
52 97 111 282 338 419 455 
4.37624
52 97 111 310 328 461 475 
4.37624
52 97 111 310 334 461 475 
4.37624
52 111 240 331 443 465 
4.37624
52 111 240 310 328 461 
4.37624
52 111 240 310 328 461 
4.37624
52 80 111 310 331 443 469 
4.37624
52 111 240 310 461 
4.37624
52 111 240 307 340 443 469 
4.37624
52 111 240 307 340 443 461 
4.37624
33 52 111 274 338 397 455 
4.37624
52 80 111 310 321 451 469 
4.37624
52 63 111 239 313 445 479 
4.37624
52 63 111 338 339 340 472 
4.37624
52 111 310 321 445 477 
4.37624
52 63 111 338 339 445 477 
4.37624
52 111 240 310 329 451 467 
4.37624
52 111 240 310 329 451 467 
4.37791
52 101 113 240 290 443 472 
4.37791
52 101 113 240 290 443 472 
4.37791
52 101 113 240 290 443 472 
4.37791
52 101 113 240 290 443 472 
4.37791
52 101 113 240 290 443 472 
4.37791
52 101 113 240 290 443 472 
4.37791
52 102 113 236 290 472 
4.37791
52 102 113 236 290 472 
4.37791
52 102 113 236 290 472 
4.37791
52 102 113 236 290 443 472 
4.37791
52 102 113 240 290 440 472 
4.37791
52 94 114 237 290 461 472 
4.37791
52 113 240 292 452 491 
4.37791
52 94 114 237 290 461 470 
4.37791
52 111 113 238 290 443 472 
4.37791
52 107 113 238 290 436 472 
4.37791
52 107 113 238 290 436 472 
4.37791
52 63 113 248 290 460 
4.37791
52 106 112 238 290 434 457 
4.37791
52 106 112 238 290 434 457 
4.37791
52 106 112 238 248 290 460 
4.37794
52 64 195 290 460 462 
4.37794
52 64 290 460 
